NIDID,WATER,WETLANDS,SHRUB,GRASS,PASTURE,CROPS,BARREN,Urban,Forest,CLUSTER
UT10132,1.4,1.5,52.7,22.2,1.5,3.1,0,0,17.3,1
ID00319,2.5,0.5,8.2,13.9,3.6,1.9,2.8,0.3,66.1,1
TX04627,8.3,0.2,3.5,50.3,9.3,7.8,1.6,1.7,17.1,1
AR00562,2.9,0.4,0.2,0,42.1,1.4,0.3,0.2,52.3,1
KS00013,0.3,0.5,0.7,61.9,5,30.6,0.5,0.1,0.2,1
MS02490,0.6,10,0,0,9.5,5.1,3.4,0.2,71,1
NC00391,4.9,0,0,0,5.8,0.7,0,0.3,88.1,1
TX00988,0.6,0,47.4,27.5,1.6,17.1,0.9,0.9,3.8,1
IL00012,6.7,1.7,0,0.9,26.8,9.6,0.2,0.3,53.6,1
UT10121,0.7,0,52.6,9.8,16.7,0,0.2,0.9,18.9,1
AR00173,4.6,0.3,0.1,0,12.6,0.4,0.1,0.5,81.3,1
CA10139,0,0.3,69.8,12.5,0,0,2.5,0.1,14.7,1
KS00019,0,0.1,0.9,59.5,2.3,36.4,0.5,0,0.2,1
LA00018,0.8,9.8,0,0,1.5,1,2.6,0.1,84.1,1
NC00787,4,0.5,0,0,7.1,5.8,0.4,6.5,75.6,1
NV00226,0.1,0.6,84,3.1,2,0,0.8,0,9.3,1
NY00374,0.4,6.9,0,0,1.8,0.2,0,0,90.6,1
OK01362,6.2,0.1,0.3,45.4,9.9,0.3,0.3,0,37.4,1
OK11032,6.2,0.1,0.3,45.4,9.9,0.3,0.3,0,37.4,1
PA00010,2.9,1.5,0,0,18,2.5,0.4,3,71.6,1
TX00330,3.6,3.5,0,0,29.7,1.4,0.6,0.3,60.8,1
WI00771,13.2,20.8,0,0.1,2,2.3,0.3,0.4,60.8,1
WY01380,0.2,1.3,19.7,73.1,0.5,3.6,0.4,0.3,0.8,1
AR01422,2.7,1.3,0,0,38.3,1,0,0,56.6,1
AR00160,3.9,0.4,0.4,0.5,33.3,1.2,0.2,1.8,58.2,1
AR00159,0.8,0.2,0.3,0,30.3,1.1,1.1,0.2,65.9,1
AR00901,1.2,0,0,0,12.4,0.1,0.4,0.1,85.7,1
CO01143,0.9,0,4.9,29.7,0.2,0.1,26.9,0,37.2,1
GA00843,1.2,0,0,0,1.9,0.5,0.4,0.7,95.2,1
GA00851,1.2,0,0,0,1.9,0.5,0.4,0.7,95.2,1
KS00025,0.5,1,0.3,61.6,5,30.9,0.2,0.3,0.1,1
KY03012,0.1,0,0,0,30.4,29.6,0,2.5,37.3,1
KY00088,1.8,0,0,0,12.6,1.9,0.4,4.4,78.8,1
LA00007,4,4.6,0,0,8.3,34.9,1.1,8,39,1
MS00579,1.4,3.9,0,0,21.3,6.5,0.7,5.7,60.4,1
MT00223,2,0.5,8.4,14.7,3.6,2,2.6,0.3,65.8,1
NC00298,0.5,0.1,0,0,4.1,1.1,0.2,1,92.9,1
OK10314,3.3,0,0.4,57.3,2.5,0.3,1.9,0.7,33.5,1
OK20508,3.3,0,0.4,57.3,2.5,0.3,1.9,0.7,33.5,1
PA00869,2.6,1.1,0,0,54.7,11.8,0.4,2.8,26.5,1
TX00022,0,0,72.4,17.5,0.2,9,0.3,0.2,0.3,1
TX00987,0.6,0,47.6,26.3,1.6,14.7,0.8,0.9,7.4,1
TX01417,1.9,0,31.1,44.8,3.4,8.1,0.4,2.3,7.9,1
TX01496,2.5,0.1,13.6,50.7,12.2,3.7,0.4,0.6,16.1,1
TX04388,8.9,3.4,0,0,61.5,4.2,0.2,0.7,21,1
UT10136,2.1,0,45.3,7,0.3,0,1,0.1,44.1,1
VA00501,1.2,0.1,0,0,10.3,0.9,0.4,0.3,86.7,1
VA08901,0.9,0.1,0,0,22.3,0.8,0.1,0.2,75.5,1
TX00012,0.2,0,79.2,15.3,0.4,3.4,0.5,0.4,0.5,1
KS00022,0.1,0.7,0.1,52.9,5.9,39,0.1,0.1,1.1,1
NV10119,1.3,1.2,75.1,20.3,1.3,0.1,0,0.1,0.6,1
TX00006,0.8,0.1,40,37.3,3,11,1.1,2.1,4.6,1
NM00293,0.4,0,17.9,58.9,0.4,0.3,0.1,0,22,1
OK11103,23.8,0.4,0.2,61.4,3,6.1,0.3,0.3,4.5,1
TX01691,1.6,0,32.1,9.3,0.8,54.5,0.8,0.6,0.3,1
AL01420,1.4,0,0,0,7.2,1.6,7.7,0.9,81.2,1
AL83001,1.4,1,0,0,12.6,4.5,1.2,1.6,77.7,1
AL05901,2.2,0,0,0,17.1,8.3,1.5,0.8,70.1,1
AL05902,3.3,0.2,0,0,11.4,3.6,4.5,1.5,75.5,1
AL07702,0.8,3.9,0,0,26.2,23.1,0.5,0.4,45.1,1
AR00151,4.1,0.3,0,0,12,0.2,0.6,0.4,82.4,1
AR00001,0,0,0,0,0.1,0,0.4,0,99.5,1
AR01451,13.2,0.5,0,0,7.1,0.2,0.1,1.9,77,1
AR00081,10.4,0.3,0,0,1.8,0.2,0.5,0.1,86.7,1
AR01522,0.6,0.4,0.2,0,13.6,0.3,1,0.1,83.8,1
AR00154,0.1,0.1,0,0,4,0,1.7,0.2,93.9,1
AR01217,13.2,0.5,0,0,7.1,0.2,0.1,1.9,77,1
AR00695,1.2,6.2,0,0,24.3,29.9,0.2,1,37.2,1
AR00446,1.5,0.2,0.4,0,14.8,0.6,0.1,0.3,82.1,1
CO01281,1.2,0,17.4,27.3,1.7,0,0.3,0.7,51.4,1
CO00875,2.3,0,22,8.8,0,0,0.1,3.5,63.3,1
CO01656,15.5,0,14.6,13.5,0,0,0,0,56.4,1
CT00376,7.9,3.4,0,0,0.8,1.6,0.1,1.1,85.1,1
GA00847,2.9,0,0,0,0.7,0.1,0.1,0,96.2,1
GA04557,13.9,0.4,0,0,6.6,2.5,2.3,2.1,72.2,1
GA00845,3,0,0,0,0.8,0.1,0.1,0.1,95.9,1
GA29101,1.5,0.1,0,0,6.9,0.9,0.5,0.6,89.5,1
ID00181,0.5,2,43.2,19.5,2.2,1.2,7.9,0.1,23.4,1
KS02201,1.3,1.3,9.9,29.7,24.3,5.3,0.6,0,27.6,1
KY03046,3.1,2.2,0,0,17,3.3,0.6,4.6,69.2,1
KY00044,8.1,0.2,0,0,1,0.2,0,1,89.5,1
KY03011,0.5,0.8,0,0,34.9,20.1,0.2,3.4,40.1,1
LA00385,5.7,9.7,0,0,0.6,0.2,4.1,0,79.7,1
LA00031,8.4,3.7,0,0,2.4,1.3,2.1,0.8,81.3,1
MT00117,1.3,0.2,6.9,1.4,0,0,0.1,0,90.1,1
MT00134,1,0,13.6,15.4,5.5,0.8,0.8,0,62.9,1
MT00565,2.3,0.1,6.3,7.6,0,0,3.5,0,80.2,1
MT01354,0.5,2.8,6.7,40.3,1.1,0.1,4.9,0,43.6,1
NC00378,3,0.4,0,0,3,1.6,0,0.4,91.6,1
NC00392,0.6,0,0,0,2.9,0.3,0,1.1,95.1,1
NC00419,1.8,0.1,0,0,5.7,0.9,0.2,0.6,90.7,1
NC00864,1.7,6.9,0,0,4.8,22.7,0.5,9.5,53.9,1
NC01027,0.9,1.2,0,0,18.7,7.4,0.3,2,69.5,1
NY00464,1.1,0.1,0,0,26.3,3.8,0,0.7,68,1
OH00030,4.4,7.2,0,0,23.5,15.2,0.4,2.3,47,1
OH00032,4,3.7,0,0,34.6,22.5,0.1,5.1,30,1
OH00419,4,3.7,0,0,34.6,22.5,0.1,5.1,30,1
OH00755,2.4,9.4,0,0,30.9,12.6,0,2.4,42.3,1
OK10487,4.6,0,0.5,22.2,17.6,6.6,0,0.1,48.4,1
OK11015,5.2,0,0.8,16.3,4.5,1.2,0.5,1.2,70.3,1
OK22194,2.6,0,0.1,15,20.4,0.4,0.6,0.1,60.8,1
OR00612,0.8,0.2,1.8,2.3,0.1,0,4.4,0,90.4,1
PA00412,2.4,9.3,0,0,0.7,0.4,0.1,1.2,85.9,1
TX00011,1.1,8.3,0,0,32.4,2,1.6,2.5,52.1,1
TX00014,1.5,0,34.3,33.5,3.6,3.5,0.9,1.1,21.6,1
TX00017,1.2,0.1,14.2,30.8,9.1,37.6,0.5,1,5.5,1
TX00402,2.2,0.2,0.1,0.4,77.1,4.2,0.1,1.5,14.2,1
TX00775,3,0,6.1,41.3,16.8,8.5,0.1,0.3,23.9,1
TX00920,6.6,4.5,0,0,11.8,1.6,0.2,0.9,74.4,1
TX01409,2.3,0,35.6,39.7,2.7,1.7,0.2,3,14.8,1
TX02312,0.2,0.1,27,60.9,0.3,1.6,0.7,0.2,9,1
TX03268,2.7,2,0,0,39.9,2.4,3.4,0.7,48.9,1
TX03288,7.7,2,0,0,45.5,2.3,0.1,0.7,41.7,1
TX03725,2.4,3.8,0,0,33.9,2.5,0.2,0.8,56.4,1
TX08008,7.2,0.4,0.7,20,40.5,17.4,0,1.9,11.9,1
UT10117,0.1,0.1,24,2.9,6.2,0,0.5,0.9,65.3,1
VA80003,5.2,10.3,0,0,28.9,8.4,0.7,2.2,44.3,1
VA80011,5.8,11.6,0,0,33.1,6.7,1.3,2.7,38.8,1
WY00011,2,2.4,23.6,71.5,0.4,0,0,0,0.1,1
CA00044,2.5,0,64.9,6.3,0.2,0.2,1,0.4,24.5,1
AL09501,0.3,6.5,0,0,28.4,13.4,0.6,1.9,49,1
CA10135,3.4,0.1,18.7,6.7,0,0,0.2,0,71,1
CT00506,5.6,4.7,0,0,0.4,2.4,0.1,1.8,85.1,1
ID00008,10.5,1.9,16.1,19.9,6,0.7,0.5,0.1,44.4,1
ID00318,6.7,0.1,4.6,4,0.1,0,7,0.3,77.3,1
KS82201,5,1.6,0.1,2.8,45.5,27.8,0,4.5,12.8,1
MS03605,13.8,0.2,0,0,4.2,1.4,6,0.4,74.1,1
MS82201,1.4,8.1,0,0,15.7,15.6,2.6,1.7,55,1
NC00132,0.2,0.5,0,0,20,18.1,0.2,12.2,48.9,1
NC00181,2.1,0.1,0,0,5.4,0.8,0.3,0.6,90.8,1
NC00327,1,0.8,0,0,7.1,6.2,0.5,49,35.5,1
NC00371,2,0,0,0,0.2,0.1,0.1,0.1,97.6,1
OH00012,1.3,0.3,0,0,42.1,2.4,3.3,0.3,50.4,1
OK00037,4.7,0,0.6,51.7,6.7,0.8,1.9,0.6,33.1,1
TX00013,3.5,0.5,10.8,9.6,32.8,2.3,0.8,0.7,39.1,1
TX00020,7.5,4.9,0,0.1,36,1.6,1.6,1.5,46.9,1
TX00579,0.3,0,6.6,54.8,7.6,4.2,0,0,26.6,1
TX00699,2.5,0.1,4.3,49.6,16,5.1,0.4,1.6,20.5,1
TX00936,8.9,2.3,0,0,45.8,7.6,0.9,1.8,32.8,1
TX00989,0.4,0,41.9,27.6,0.7,1.1,0.1,0,28.3,1
TX01659,0.7,0,52,24.8,0.6,17.2,0.5,0.5,3.8,1
TX02152,1.2,0.1,43.9,35.3,1.5,13,0.5,0.5,4.1,1
TX04359,1.1,7.8,0.2,0.8,53.4,14.1,0.1,0.5,22.1,1
TX08006,0.9,0,20.9,36.4,0.6,1.5,0.6,1.1,38.1,1
VA80004,4,13.1,0,0,37.8,5.8,1.5,3.1,34.8,1
WI00797,4.4,30.4,0,0.4,1.8,2.2,0.5,0.1,60.3,1
WY01385,8.7,1.4,7.3,7.8,0,0,12.6,0,62.3,1
AL01425,0.2,4.3,0,0,5.4,3,0.5,0.8,85.9,1
AR00872,0.5,4.1,0,0,14.8,0.3,2.5,0.5,77.4,1
AR00857,5.1,0.1,0,0,7,0.1,0.9,0,86.9,1
MS02373,1.1,12.2,0,0,10.7,6.9,3.1,0.7,65.4,1
MT00020,4.9,0.2,1.1,89.7,2.8,0,0,0,1.4,1
NC00393,1,0.1,0,0,2.4,0.7,0.3,0.9,94.7,1
VA05101,1.6,0.1,0,0,3.4,0.9,5.9,0.5,87.7,1
GA00824,1,0,0,0,26.7,4.7,0.3,1.5,66,1
NC00394,1.6,0.4,0,0,5.6,4.4,0.5,6.4,81.3,1
TN03107,2.2,3.5,0,0,20.9,12,0.3,3.7,57.6,1
AR00164,1.1,0.5,5.9,47.2,10.8,20.5,0.4,1.3,12.5,1
WI00775,13,19.7,0,0.1,2.3,2.6,0.4,0.5,61.6,1
CT00503,2.3,8.3,0.1,0,4.6,5.4,0.6,5.5,73.4,1
FL00142,1.8,20.9,2.7,17.6,2.3,21.9,3.7,8.6,22.7,1
SD01138,0.5,1,0,12,2.6,0,0,0,83.6,2
NC00550,1.1,0.5,0,0,16.2,9.6,0.3,7,65,2
KS00024,0.1,0,0,38.8,6,53.7,0.1,0.6,0.5,2
AR00157,1.1,0.3,0,0,24.6,0.7,0.1,0.2,72.8,2
KY03055,0,0,0,0,7.4,0.4,0.2,0,91.8,2
OH00446,0.8,0,0,0,24.7,7.6,0,1.4,65.3,2
TX00491,7.2,4.7,0,0,52.6,16.5,0.1,2.9,15.8,2
MO11176,3.6,5.2,0.3,2.5,35.1,23.6,0.7,3.9,24.9,2
TX06464,0.3,0.1,14.1,25.4,0.6,57.4,1.7,0.2,0,2
AL01416,1.6,0.5,0,0,11.2,4.6,1.8,2.6,77.6,2
AR00150,0.3,0,0,0,8.1,0.1,1.7,0.6,89.1,2
GA00201,1.4,4.8,0,0,11.3,6.7,2.5,3.9,69.3,2
MO30200,5.2,0.2,0,0.3,68.6,1.2,0.1,0,24.3,2
MT00571,0.1,0.1,5.9,9.9,0,0,5.8,0,78.1,2
OH00008,1,0.3,0,0,12.3,78,0,2.8,5.5,2
TX00003,0.2,0,0.9,62.6,19.4,3.8,7.5,0.2,5.3,2
TX01054,1.6,0.1,0.8,5.7,63.8,8,0.6,0.6,18.7,2
TX03698,0.7,0.1,8.3,49.8,1.5,36.9,1.8,0.8,0,2
WY01299,0.8,1,54.8,23.6,2.2,0.4,1.5,0.1,15.5,2
AL01423,1.7,0.8,0,0,9.9,4.7,1.7,2.4,78.7,2
AL01430,1.3,7.9,0,0,11.9,10.2,2.8,1.7,64.1,2
AR00171,5.4,2.9,0,0,24.4,2.4,0.2,5.6,59,2
IA03116,0,0.2,0,2.1,4.1,88.2,0,2.7,2.6,2
KS00011,1.5,1.4,3.1,62.7,19.1,9.1,0,0.3,2.7,2
KY03009,0.1,0.5,0,0,33.8,9.4,0.1,1.9,54.1,2
LA00006,1.2,12.9,0,0,26.6,4.9,1.5,4,48.8,2
MO30203,0.7,0.4,0,0.8,6.3,0.8,0.2,0.2,90.5,2
NY00497,4.1,2.2,0,0,4.1,2.6,0,4.5,82.4,2
OH00011,5.2,0.7,0,0,36.6,4.4,1.2,1.7,50.1,2
OH00018,2.7,0.2,0,0,14.8,3.9,0,0.1,78.2,2
OH00931,2.5,1,0,0,15.3,37.4,0.2,18.9,24.6,2
OK01175,6.6,0,3.8,50.6,9.1,10.9,0,0.3,18.6,2
OK01347,2.3,1,9,30.5,17.8,0.9,0.7,3.8,33.9,2
OK02580,12.4,0.1,1.4,47.2,6.6,4.5,0,2.6,25.1,2
SD01139,0.2,1.3,0,9.2,2.4,0,0,0.1,86.7,2
TN07101,2.2,1,0,0,14.9,6.3,0.7,3.1,71.7,2
TX00007,5.7,0.9,0.2,7.5,45.1,20.4,0.1,2.8,17.2,2
TX03247,0.8,0.2,43.5,12.6,1.4,34.7,3,0.3,3.4,2
TX03516,1,0,61.2,11.5,0.7,18.1,0.9,0.6,5.9,2
TX04316,0.3,0,2.6,26.1,1.8,68.3,0.2,0.4,0.2,2
TX04455,3.7,1.2,1.3,3.9,55.4,4.4,1.2,1.4,27.4,2
KS00009,1.2,2.2,0.1,11.2,43.9,30.6,0.1,0.6,10.1,2
SD01095,0.4,2,0.1,69.6,0,26.6,1.3,0,0,2
TX00008,0.9,0.5,0.2,7.4,62.1,18.1,0,1.5,9.3,2
TX02143,0.7,0.1,2.5,14.8,5.7,75.6,0.1,0.5,0,2
AL01426,1.5,0.2,0,0,10.8,5,2,3.7,76.8,2
AL01424,1.7,0.8,0,0,10,4.6,1.8,2.4,78.7,2
AR00356,5.2,0,0,0,39.2,0.8,0,2,52.8,2
CO02788,0.3,0,34.5,15.6,4.1,0.1,0.3,0.2,44.9,2
CT00371,7.9,3.4,0,0,0.8,1.6,0.1,1.1,85.1,2
IN03003,0.9,1.3,0,0.2,13.8,64.2,0,0.8,18.8,2
KY03007,0.4,3,0,0,20.1,10,0.2,0.4,65.9,2
KY82202,1,0,0,0,1.1,0,0,0.3,97.6,2
LA00519,8.4,3.7,0,0,2.4,1.3,2.1,0.8,81.3,2
LA00012,1.6,28.8,0,0.3,6.4,15.2,1.5,1.5,44.7,2
LA00029,2,11.1,0,0,1.9,80.7,0.1,0.7,3.5,2
LA00046,2.3,29.5,0,0.1,2.1,2.5,7,0.7,55.8,2
MN00610,0.7,35.3,0,0.3,0.3,0.5,1.7,0.3,60.9,2
MO30204,1,0.7,0,2.4,13.5,3,0.2,1.4,77.8,2
MS00753,0.8,12.4,0,0,4.4,4.8,3.2,0.2,74.2,2
MS01491,1.9,7.3,0,0,8.9,9.4,2.5,0.1,69.9,2
MT00022,0.3,0,6.1,65.4,3.1,17.8,0,0.2,7.1,2
MT00559,0.9,1,15.9,35.9,4,5.2,2.8,0.3,34,2
MT00570,0,0.4,3.1,23.6,0,72.5,0.2,0.2,0,2
NC00300,0.6,0.2,0,0,5.2,2.5,0.2,1,90.3,2
NC00547,1.1,0.6,0,0,15.6,9.5,0.4,6.8,66,2
NC01008,2.5,4.7,0,0,8.1,7.9,0.2,0.4,76.2,2
NC01599,3.5,3.4,0,0,21.7,10,0.2,4.8,56.4,2
NE01069,0.1,0.6,0.9,91.4,1.2,4.6,0.1,0.4,0.7,2
NM00020,0.6,0,15.6,19.2,0.1,0,0,0.1,64.4,2
NY00542,1.7,0.1,0,0,16.2,2.5,0,0.9,78.6,2
OH00433,3.1,0.4,0,0,27.3,5.6,0.4,0.5,62.7,2
OK02395,3.8,0.3,0.5,39.5,21.3,0.8,0,0,33.8,2
SC00485,0.8,0.2,0,0,0.4,3.4,19.5,0,75.7,2
SD01092,0.4,0.3,0,77.2,1.5,19.3,0.8,0.3,0.2,2
TX00021,2.9,8.5,0,0,48.9,10.7,0.2,1.7,27.1,2
TX00940,1.9,5.8,0,0,30.3,2.8,0.6,0.9,57.7,2
VA12703,3.7,7,0,0,8.1,3.5,1.5,2.4,73.8,2
WI00195,3.9,44.7,0,0.4,0.4,0.7,0.5,0,49.4,2
NM82901,0.1,0.2,21.9,64.3,0.2,1.9,0.4,0.2,10.8,2
OK01437,2.8,0.1,0.7,42.2,11.8,31,0,4.9,6.5,2
TX00002,2,0.1,32.4,31.4,4.5,10.9,0.8,1.4,16.5,2
TX00779,2.9,0.2,1.2,23.5,47.6,7.4,0,4.2,13,2
TX05776,1,0,25.5,31.9,1.3,34,1.5,0.1,4.8,2
AR00534,5.6,0.2,0,0,10.4,0.1,0.9,0.4,82.5,2
KS00049,3.3,3.4,1.2,14.9,46.1,18.5,0.1,0.3,12.3,2
LA00011,7.1,3.4,0,0,6.6,3.8,0.3,2.1,76.8,2
LA00026,1.4,11.9,0,0,1.9,1.3,4,0.4,79.2,2
LA00386,1.4,11.9,0,0,1.9,1.3,4,0.4,79.2,2
MO12099,7.8,0.7,0.4,10.8,23.3,14.5,0.1,22.2,20.3,2
MO20036,6,0.3,0.1,3.4,48.8,1.8,0,6.6,33.1,2
NC00494,1.1,0.9,0,0,15.7,11.1,0.9,6.3,64.1,2
NC04954,0.7,0.5,0,0,17.2,8.5,0.5,18.9,53.8,2
NM00006,0.2,0,8.5,91.3,0,0,0,0,0.1,2
OH00001,1.7,0.7,0,0,26.5,24.4,0,2.1,44.7,2
OH00778,1.7,0.7,0,0,26.5,24.4,0,2.1,44.7,2
OK02503,1.1,0.1,15,63.1,1.4,18.4,0.2,0.1,0.7,2
OK02570,2.8,0.1,0.6,88.3,1.8,0.3,0,0,6.2,2
SD01093,0.3,0.7,0,81.6,5.5,11.7,0,0.1,0.2,2
SD01141,0.1,0.2,3.7,43.9,3.9,48,0.2,0.1,0,2
UT82901,1.2,0,37,4.3,0.2,0,1.3,0.2,55.9,2
VA15304,0.9,0.5,0,0,31.2,1.8,1.5,12.4,51.8,2
WI00744,10.4,25.5,0,0.2,2.6,3.5,0.3,0.7,56.9,2
WI00749,3.4,16.5,0,0.2,6.3,3.8,0,0.2,69.7,2
WI00774,6.2,34.8,0,0.2,0.3,1.2,0.5,0.1,56.8,2
WY00003,1.3,0.3,0,78.7,0.8,17.1,1.7,0,0.2,2
IN03001,2.5,0.6,0,0,9.8,7.1,0.1,0.1,79.9,2
KY03030,0.6,0,0,0,4,2.1,0.3,0.2,92.9,2
MN00604,0.1,22.1,0,0.6,11.5,20.8,0.1,2.4,42.5,2
NC04769,1.2,1.1,0,0,10.2,5.8,0.1,2,79.7,2
OK02504,6.1,0.1,2.4,35.7,8.6,6.1,0,4.4,36.7,2
OK10316,0.2,0.1,4.2,52.3,2,40.1,0.2,0.3,0.7,2
SD01100,0.2,3.8,16.1,76.9,1.3,0.4,0,0,1.4,2
TX03895,0.6,0.3,54.4,10.2,9.7,7,0.7,0.5,16.7,2
TX08007,5.4,0.1,0.3,8.9,51.2,10.4,0,7.5,16.3,2
VA19901,9.6,6.6,0,0,9.9,0,2.1,7.2,64.7,2
KY03010,0.8,0.4,0,0,7.8,1.8,0.4,1.4,87.6,2
MO10134,4.2,7,0,3.4,43.8,19.7,1.1,1.8,19.2,2
CA10204,2.2,0,13.3,8.2,0,0,1.4,0.1,75,2
CT00539,3.1,9.1,0.1,0,6.3,5.9,0.7,8.8,66.2,2
NC00104,1.3,0.4,0,0,3.2,2.8,0.5,6,86,2
OR00624,0.6,0.2,1.8,7.8,0.2,0,0.1,0,89.5,2
TN04102,1.1,0,0,0,40.8,19.1,0.1,1.6,37.5,2
OK10304,1.1,0.7,4.2,47.4,12.1,23.4,0.4,1.4,9.5,2
OK11026,0,0,1.1,0,43.2,7.7,0,0.3,47.4,3
MT00569,2.1,0,47.9,48.5,0,0,0,0,1.3,3
NE01063,2.3,1.1,0,22,21.9,49.3,0,0.5,2.7,3
WV09903,1.5,0,0,0,6.3,0.9,0.2,0.1,90.8,3
LA00028,1.6,9.7,0,0,10.9,5.7,0.9,1.8,69.3,3
NV10123,0.7,0.3,61.8,8.3,3.5,0,3,1.1,21.2,3
TX01011,1.8,0.1,36.8,36.4,4.8,18.2,1.2,0.1,0.5,3
TX01061,1.6,0.1,0.8,6,64.4,8.1,0.6,0.6,17.7,3
KS00004,2.2,0.9,3.4,53.8,14,22.7,0,0.9,2,3
KS00006,5.4,0.4,2.6,34.3,17.1,38.7,0,0.4,1,3
MO30201,0.6,0.6,0,1.7,66.1,1.8,0,1,28.1,3
OK10318,0.3,0.1,8.3,51.8,3.1,35.6,0.2,0.4,0.1,3
OK10319,1.1,2.5,2.9,58.4,2.3,32,0.2,0.3,0.2,3
TN09501,5.9,10.9,0,0,20.6,36.2,0,0.3,26,3
TX00986,0.6,0,47.6,26.3,1.6,14.7,0.8,0.9,7.4,3
IN03006,2.3,0.8,0,0,9,80.6,0.1,1.4,5.8,3
ND00148,0.8,0,3.7,16,1.8,75.6,1.5,0.6,0,3
NE01070,0.3,0.1,0,26.7,2.6,69.6,0.3,0.3,0.1,3
SD00328,0.8,3.8,0.3,40.3,9.3,43.8,0,0.1,1.6,3
TX01841,0.7,4.3,0,0,61.3,10.8,0.1,5,17.8,3
CT00301,2.1,5.9,0,0,0.2,0.5,1.1,50.9,39.3,3
GA00831,0.8,8.5,0,0,10.6,12.4,3.2,3,61.5,3
IA00077,2.2,3.3,0,9.9,36.2,43.6,0,1.2,3.6,3
IA00537,1.5,1.3,0,5.9,20.7,64,0,2.6,4,3
KS00027,1.2,1.2,3.1,75,13.4,4.6,0,0.4,1.1,3
KS00867,0.3,0.5,0.7,64.5,0.7,32.8,0.2,0.2,0.1,3
KY00080,0.4,0,0,0,16.6,15,0,1.4,66.6,3
LA00173,2.5,3,0,0,4.7,3.2,0.2,1.8,84.6,3
MN00608,4.5,19.7,0.4,0,21,23.2,0.5,1,29.7,3
NY00176,0.8,0.2,0,0,6.3,2.6,0,0.9,89.2,3
OH00020,1.1,1.8,0,0,23.9,33.1,0,8.5,31.6,3
OK10310,5.3,12.3,0.3,28.6,45.5,0.2,0.3,0.4,7.1,3
OK20509,0.5,0.3,6,56.8,5,21.2,0.5,1.3,8.4,3
PA00709,1.3,0.6,0,0,42.1,15.1,0.1,2,38.8,3
SD00006,2.2,1.2,0.2,5.2,69.6,20.6,0,0,1,3
TN15901,1.8,0.3,0,0,10.3,2.4,0.3,1.4,83.5,3
TX01017,3.4,0.4,11.1,35.3,19.1,16,0.3,11.2,3.2,3
NE01057,2.8,0.3,0,19,26.8,46.4,0,0.5,4.2,3
IN00010,1.2,0.3,0,0,17,8.2,0.1,0.5,72.8,3
KS00017,0.6,1.2,2.6,38.5,10,46.4,0.1,0.4,0.3,3
ND00550,1,5.8,0,39,0.6,52.6,0,0.3,0.8,3
NE01518,1.3,0.1,0,4.8,8.7,26.5,0,56.9,1.8,3
OH00002,2.4,0.5,0,0,28.2,5.8,0.3,1.5,61.4,3
IN03005,1,0.9,0,0,9.5,80.2,0,1,7.5,3
KS00026,3.5,1.5,0.4,28.2,26.8,25.7,0.1,1,12.9,3
LA00346,0.3,0.1,0,0,5.4,2.2,2.6,0.1,89.4,3
ND00038,0.7,0.2,1.3,51.1,9.3,36.3,0.4,0.8,0,3
OK02537,0.3,0.1,4.2,50.6,2.4,40.9,0.2,0.4,1,3
PA00111,4.9,5.2,0,0,32.2,11.8,0.2,4.9,40.9,3
IA00016,1.4,1.8,0,2.5,7.2,81.6,0.1,2.6,3,3
MD00001,3.1,0.3,0,0,45.8,9,0,0.7,41.3,3
NC00388,0.5,0.5,0,0,17.4,8.9,0.3,6.5,66.1,3
IL00678,0.4,1,0,0.2,23.9,71.7,0.6,0.4,2,3
CT00663,2.2,7.9,0,0,5.2,4.6,0.6,5.3,74.6,3
PA00011,3.6,2.6,0,0,19.8,2,0,0.7,71.1,4
LA00285,1.9,21.2,0,0.7,28.4,7,0.7,1.7,38.2,4
TX02692,0.9,0.2,34.8,13.9,3.2,12,2,7.7,25.1,4
CA10148,0.9,0,7,3.2,0.1,0,0.9,0.7,87.1,4
NC00204,2.1,0.8,0,0,24.4,22.3,0.4,4.3,45.6,4
OK00450,0.6,0,15.2,59.8,2.3,2.2,0,0,19.8,4
OK02500,1,0.2,10.5,42.4,2.5,42,0.7,0.5,0.1,4
TN01903,1.9,0.1,0,0,7.9,2.4,0.4,1.6,85.6,4
TX00170,0.9,4.4,0,0,54.9,4.8,0.3,1.3,33.3,4
TX01693,0.8,0,36.9,33.1,0.5,26.4,0.8,1,0.4,4
TX03415,1.4,0.3,0,0,22.8,5.2,1,52.4,16.8,4
TX04356,2.5,3.6,0,0,75.6,2.5,0.5,3.7,11.5,4
CA10141,0.5,5.3,50.9,4.9,0.5,0,0.1,0,37.7,4
MT00560,0.9,1,15.9,35.9,4,5.2,2.8,0.3,33.9,4
NY00692,0.9,0.2,0,0,7,2.7,0,0.8,88.3,4
TX00776,0.5,0,0.3,8.9,50.3,7.8,0,16.7,15.4,4
TX03746,0,0,4.5,69.5,5.4,18.2,0.1,0.2,2,4
TX06316,5.7,0.2,0.6,4.9,51.6,19.7,0.2,2,15,4
TX06399,2.4,0,14.3,60.3,7.5,1.9,0,2.8,10.7,4
KS02453,3.7,1.3,3.1,66.1,13.1,11.5,0,0.1,1.1,4
IN03002,0.4,0.1,0,0,18.7,68.8,0.1,0.6,11.3,4
GA02060,1.1,3.2,0,0,16.5,5.8,0.4,2.7,70.3,4
IN00084,1.3,0.4,0,0,18.3,55.9,0,18.1,6,4
KY15701,2.4,1.2,0,0,15.2,7,0.8,2.7,70.7,4
MN00614,32.9,13.9,0,0,0.5,0.9,0.3,0.1,51.4,4
MT00652,1.1,0.2,10.6,7.6,1.4,1.2,2.9,0.5,74.5,4
NC00173,2.5,2.1,0,0,14.8,7.3,0.5,10.6,62.2,4
NC00687,4.7,2.1,0,0,11.7,8.2,0.2,19.7,53.4,4
NC00700,1.7,4,0,0,20.2,10,0.1,6.9,57.1,4
OK10736,3.2,0,2.1,43.5,12.6,30.1,0,0,8.5,4
OK20992,2,0.3,11.9,0,15.3,1,2.7,0.3,66.5,4
OK22175,0.9,0,1.3,46.6,21.5,20.3,0,0.1,9.3,4
PA00109,2.6,2.1,0,0,20.5,2.4,0.7,0.7,71,4
PA00740,1.7,0.1,0,0,32,5.7,2.3,1.7,56.5,4
SD00031,3.5,4.4,0,0,26.2,64.6,0,0.4,0.9,4
TX03517,2.1,0,63.7,22.6,0,5.7,0.1,0.1,5.7,4
TX03849,0.8,0.1,14.4,29.6,7.9,44.2,0.5,0.9,1.6,4
KS00005,0.2,0.2,0.9,57.9,3.5,36.2,0.4,0.4,0.3,4
CA00166,5,0.4,6.6,25.3,0,0.2,0.5,30.8,31.3,4
KY03001,0.6,2.2,0,0,34.2,36.1,0.8,4,22.2,4
NM00131,0.5,0.2,35.4,31.5,1.3,0.7,2.3,0.7,27.5,4
OK02562,3.9,0.1,4.2,47,11,18.5,0.1,0,15.3,4
TX00097,7.4,4.9,0,0,29,1.1,1.4,2.6,53.7,4
TX00692,6.4,1.7,0,0.5,33.6,0.9,0.2,0.5,56.3,4
TX00837,7.8,1,0.2,6.5,42.1,18.9,0.1,8.1,15.4,4
TX01448,0.8,0,29.2,8.8,30,11.9,0.3,1.5,17.6,4
TX04358,0.5,0.1,36.7,35.7,4.9,20.1,1.3,0.2,0.6,4
AL01415,1.2,0.3,0,0,15,4.5,1.6,1.8,75.7,4
MO20023,0.6,0.7,0.1,2.3,54,2.1,0.1,4.5,35.7,4
ND00149,0.7,0,4.8,20.2,5.3,67.3,0.9,0.9,0,4
NM00129,0.5,0.2,35,31.7,1.3,0.7,2.3,0.7,27.7,4
TX03117,0.8,0.1,27.8,62.7,3.6,2.8,0.1,1,1.3,4
KS07439,1.9,1.6,2.7,42.3,21.1,26.1,0.1,1,3.5,4
NC00826,2.4,2.6,0,0,17.7,4.8,1.3,2.8,68.1,5
NC00827,2.4,2.6,0,0,17.7,4.8,1.3,2.8,68.1,5
AL01981,1.5,0.2,0,0,10.1,5,2.1,3.4,77.5,5
TX01787,1.1,0,17.5,14.7,1.5,1.9,0.7,1.3,61.1,5
VA15502,0.7,0.1,0,0,27.1,3.2,0.2,1.5,67,5
AR00174,2.2,0.8,0.4,0,32.3,1.8,0.1,1.3,61,5
KS00008,2,0.6,1.8,48.9,18.4,22.7,0,0.4,5.1,5
NC83102,5,2.9,0,0,2.5,8,2.5,3.7,75.3,5
ID00054,1.3,1.1,43.3,15.5,6.1,12.8,3.9,0.2,15.7,5
ID00204,2.1,3.2,32.7,14.1,6.3,3.8,0,0,37.7,5
ID00056,1,0.7,53.1,14.2,4.9,7.5,2.5,0.3,15.7,5
MT00012,0.9,0.1,4,83,0.7,7.2,0,0,4,5
NC05570,1.2,0.7,0,0,13.3,9.4,0.7,23.8,50.8,5
TN11502,1.7,0.2,0,0,12.9,2.3,0.5,3.6,78.7,5
TN16307,1.4,0.2,0,0,16.6,1.9,0.3,5.5,74,5
TX01088,0.7,0,46.5,26,1.6,14.2,0.8,0.9,9.2,5
UT10133,0.2,0,24.9,8,0,0,0.1,0,66.7,5
WI00698,6.6,31.7,0,0.1,3.3,3.7,0,0.2,54.3,5
ID00039,0.5,1.3,36.4,25.7,8.1,4.5,3.8,0.3,19.4,5
IN00006,1,4.3,0,5.5,8,66.3,0,0.6,14.3,5
KS00007,0.9,0.9,3.5,58.5,14,19.3,0,0.3,2.6,5
AL00017,0.2,0.8,0,0,15.6,12,2.7,0.8,67.9,5
AL01429,1.6,3.3,0,0,9.9,5,2.1,3.3,74.8,5
AR00013,1.8,10.4,0,0,9.7,0.3,2.7,4.6,70.5,5
AR01478,7.1,1.8,0,0,16.2,0.5,1.9,0.9,71.6,5
CT00023,3,6.1,0,0,7.4,6.3,0.4,8.4,68.4,5
ID00250,4.5,0.2,85.2,8.9,1.1,0,0,0,0.1,5
IN00413,4.6,0.8,0,0,42,24.9,0,0.5,27.2,5
IN03018,15.5,0.1,0,0,13,16.5,0,0,54.9,5
KY00316,1,0.7,0,0,42.7,10.8,0.1,2.8,41.9,5
MN00599,9.7,25.5,1.2,0,12.6,9.6,1.1,1,39.3,5
MT00568,11.8,0.6,5.8,34.2,0,7.9,0,0,39.7,5
NC00329,1.6,0.4,0,0,4.2,3.7,0.4,6.7,83,5
NC00739,2.6,0.6,0,0,17.7,13.8,0.4,0.5,64.4,5
NC00861,1.7,6.9,0,0,4.8,22.7,0.5,9.5,53.9,5
NM00351,1,0,8.9,23.3,1,0.2,0.1,0.3,65.2,5
OH00031,13.1,8.7,0,0,20.8,21.5,0,3.8,32.1,5
OK00134,1.8,0.1,1.5,0,41.9,6.7,0.4,0.4,47.2,5
PA00004,1.9,0.2,0,0,24.2,4.5,0.6,1.2,67.4,5
PA00339,1.9,0.4,0,0,50.2,14.2,0,2.4,30.9,5
TX01086,0.8,0.1,7.8,2,0.6,0,0.1,40.7,47.9,5
VA00302,0.8,0.1,0,0,23.2,0.8,0.5,1.9,72.7,5
TX02267,1.8,0.1,71.3,21.7,0.9,0.9,1.4,0.6,1.3,5
IN03017,2,0.6,0,0,16.2,61.2,0,3.8,16.3,5
LA00009,1.8,10.4,0,0,6.8,5.4,1.3,4.6,69.8,5
MN00583,7.3,45.9,0.7,0,7.7,1.5,0.5,0.5,36,5
MO20040,1.5,2.2,0.2,3.7,42,26.5,0.3,4.3,19.4,5
MO30014,1.4,0.6,0.1,0.8,33.1,1,0.9,0.8,61.4,5
MO30075,1.6,0.5,0,0.4,29.3,1.3,0,2.2,64.8,5
MO30202,4.7,0.6,0.5,0.1,26.7,1.5,0.2,1.5,64.3,5
MT01596,0.5,0,2.6,37.1,7,3.9,1.2,0.3,47.5,5
NC01713,2.6,2.9,0,0,11.1,5.6,0.5,6.8,70.6,5
NE82401,0.6,15.8,0,83.3,0,0,0.1,0,0.3,5
OK10311,0.5,0.1,0.7,0,39.1,1.5,0.1,1.3,56.8,5
PA00734,3.2,2.4,0,0,27,7,0.1,3.4,57,5
PA00921,2.4,0.3,0,0,31.7,3.1,0.6,0.5,61.5,5
TN16306,1.4,0.1,0,0,9.1,2.2,0.4,5.1,81.8,5
TX01087,0.5,0,18.6,16.1,0.5,0.8,1.3,2.1,60.2,5
VA01902,2,0.1,0,0,15.7,1.4,0.6,8.6,71.7,5
WI00748,8.9,23.2,0,0.2,2.8,3.1,0.3,0.7,60.9,5
MO20312,3.9,0.8,0.1,10.5,40,31.3,0.4,3.7,9.4,5
TX03956,0.9,0.1,14.4,30.2,8.7,40,0.5,0.9,4.4,5
AR00162,1.1,0.5,5.9,47.2,10.8,20.5,0.4,1.3,12.5,5
AR00172,1.2,0.6,5.7,45.3,11.3,19.8,0.4,1.3,14.7,5
FL00434,6.9,15.7,0.9,16.9,7,46.1,2.8,12.4,8,5
WY01300,2.3,0,23.9,45.6,0.2,0.4,0,0.1,27.3,6
ID00274,0.4,0.5,47.8,19.2,7.6,17.4,0,0.1,6.9,6
ID00044,0,0.2,91.3,6.6,0.6,0,0,0,1.2,6
IL00693,3.1,1.1,0,0.5,18.5,61.4,0.1,3,12.2,6
IL00141,2.5,0.2,0,0.5,19.6,71.3,0,4,1.8,6
KS00021,0.7,0.8,0.4,50.4,6.9,39.1,0.1,0.3,1.2,6
MN00514,2.9,5.6,0,0.1,18.5,63.5,0,2.8,6.5,6
MN00967,6,11.9,0,0,26.1,45.2,0.1,1.8,8.8,6
AL01431,1.3,7.9,0,0,11.9,10.2,2.8,1.7,64.1,6
GA00850,1.3,2.4,0,0,10.2,4.1,0.9,15.8,65.2,6
IA00015,2.3,5.3,0,11.9,37.2,32.2,0,2.3,8.7,6
IL00525,0.4,0.7,0,0.7,7.2,84,0,3,3.9,6
KY00040,0.5,0.3,0,0,26.6,34.3,0,1.6,36.6,6
LA00013,3.5,2.9,0,0,5.1,2.1,3.4,0.5,82.4,6
ND00147,1,0.4,9.3,29.9,3,56.3,0,0,0,6
NV01151,0.1,0.2,93.4,5.3,0.4,0,0.1,0,0.4,6
PA01134,0.6,0,0,0,31.7,4.2,0.1,0.5,62.8,6
TX03416,2.4,4.5,0.4,0.2,32.3,2.6,1.2,6.8,49.5,6
IA00012,3.3,2.1,0,3.6,20.4,54.1,0.6,4.3,11.6,6
IA01352,3.3,2.1,0,3.6,20.4,54.1,0.6,4.3,11.6,6
AL01413,0.9,7.3,0,0,6.3,9.7,3.8,0.3,71.7,6
IA00013,1.1,2.1,0,3.9,12.6,72.7,0.1,3,4.5,6
ID00178,2.7,2.5,20.8,14.4,2.1,1.3,5.1,0.1,51,6
ID00272,5.4,3.9,30.1,17.4,1.1,0,2.1,0,40,6
IN03004,0.8,1.1,0,0,11.3,76.2,0,3.5,7.1,6
KS00023,1.5,0.2,0,40.9,3.7,46.2,0,0,7.5,6
KY03051,1.6,0,0,0,37.4,7.8,0,0.4,52.8,6
LA00002,2.4,4.8,0,0,7.9,3.4,1.7,1.3,78.5,6
LA00003,2.7,4.9,0,0,16.4,2.8,0.8,1.6,70.8,6
MS03056,1.6,7.2,0,0,17.4,15.9,2.7,1.8,53.4,6
ND00096,1.6,0.6,0.4,61.1,11.1,22.5,1.7,0.9,0.1,6
NY00041,2,0.1,0,0,0.6,0.3,0,0.9,96.1,6
NY00146,6,4.6,0,0,1,0.5,0,0.8,87.1,6
OK02341,2.4,0.6,0.9,14.9,33.5,0.2,0,8.1,39.4,6
SD00016,0.1,1.6,0.3,42.6,23.7,31.1,0,0.1,0.5,6
TN06504,1.7,0.2,0,0,13,2.3,0.5,3.4,78.9,6
TN15501,0.4,0.2,0,0,6.6,1.9,0.2,6.3,84.4,6
TX03823,4.2,2.5,1.7,11.6,40.7,8.8,0.6,6.8,23.1,6
TX03845,1.4,0,17.6,29.1,10.9,3.7,0.2,0.7,36.4,6
MO20151,2.7,8.1,0.2,5.1,51.7,22.4,0.1,0.2,9.5,6
AL01432,2.4,2.6,0,0,6.6,3.9,2.7,7.1,74.8,6
IA01297,0.5,1.1,0,3.5,11,71.9,0.1,2.5,9.5,6
IL00133,0.8,0.9,0,0.2,23.5,58.4,0,1.2,15.1,6
IN00012,1.3,3.4,0,0.1,22.4,57.8,0,1.3,13.8,6
LA00180,1.5,8.8,0,0,12.8,4.1,0.5,9.8,62.6,6
MT00017,0.4,0.5,11.7,24.9,4.2,0,0.4,0,58,6
ND00189,1,5.8,0,39,0.6,52.6,0,0.3,0.8,6
OH00015,0.9,0.5,0,0,14.1,56.1,0,12.5,16,6
AL01435,1.7,3.6,0,0,10.3,6.7,1.8,2.1,73.9,6
IN00552,0.8,0.5,0,0,18.6,65.3,0,6,8.9,6
MS03057,2.1,5.2,0,0,18.8,13.3,2.7,2.1,55.9,6
VA08301,0.6,1.5,0,0,23.8,5.8,2.3,0.7,65.4,6
LA00181,3.9,5.3,0,0.1,24.4,1.4,1.3,1.1,62.7,6
TX02789,0.4,0,42.4,32.8,1.5,14.9,0.5,0.7,6.6,7
AL01427,1.6,0.3,0,0,11.8,5.4,2.2,1,77.6,7
MT00579,1.5,0.9,1.3,42.2,3.2,44,0.6,0.1,6.1,7
OK10307,0.1,0,0,0,14.2,0.1,5,0.2,80.3,7
TX03547,4.6,6.6,0,1.7,30.1,1.3,5.3,1.3,49,7
AR01100,1,0.3,0.5,0,59.3,6.4,0.2,4.4,27.8,7
MD00014,0.6,1,0,0,9.3,0.7,1.4,0.2,86.7,7
TN16305,1.2,0.1,0,0,22.3,1.1,0.2,2.8,72.2,7
TX04357,8.5,3,0,0,54.5,2.2,0.4,0.4,30.9,7
AR00535,5,0.1,0,0,11.1,0.1,0.8,1.3,81.6,7
GA00836,0.6,1.8,0,0,15.6,7.3,2.9,1.3,70.5,7
ID00288,0.5,0.6,27,22.3,0.6,0.3,6.1,1.2,41.4,7
ID00280,0.1,0.4,20.3,17.3,0,0,12.6,0,49.3,7
IL00673,16.3,2.7,0,0,22,39.1,0,0.3,19.6,7
IN00464,6,3,0,0.4,32.1,51.4,0,1,6.1,7
TN07305,1.3,0.2,0,0,16.7,2,0.3,6.2,73.3,7
TX00004,0.3,0,22.1,21.9,1.8,2.6,0.5,1.7,49.1,7
TX04744,0.9,1.1,19.7,33.4,15.2,5.2,0.2,0.7,23.6,7
VA83005,5.1,0.8,0,0,21.9,1.5,2.1,1,67.6,7
IL00814,1.8,2.1,0,1.3,10.5,64.7,0.2,10.2,9.2,7
AL01418,1.7,0.8,0,0,10.4,4.8,1.7,2.6,78.1,7
AL01417,1.7,0.6,0,0,10.8,4.8,1.7,2.7,77.8,7
CA00172,5,0.4,6.6,25.3,0,0.2,0.5,30.8,31.3,7
CA00227,0.9,0,4.7,8.5,0.4,0,0.4,4.6,80.6,7
MN00612,41.6,11,0,0,0.1,0,0,0,47.4,7
TX00785,3.8,0.1,4.3,28.5,25.6,3.7,0.2,2.6,31.3,7
LA00387,0.9,10.6,0,0,11.7,9.8,1.5,0.2,65.4,7
TX04634,3.8,5.7,0,0,55.5,0.8,4.3,0.8,29.3,7
TX04064,8.5,5.8,12.1,29.6,6.8,25.2,2.9,5.1,4.6,7
AZ10312,0.2,0,70.8,3.5,0.1,0.1,4,0,21,8
VA04101,0.7,3.5,0,0,18.8,1.9,2.4,0.9,71.6,8
MS01496,4.1,5.6,0,0,18.5,35.1,0.1,1.9,34.5,8
MS02716,2.1,12.8,0,0,15.1,7.7,0.8,2.8,58.5,8
OK10313,0.5,0,0.5,32.7,7.8,3.4,1.8,0.2,52.9,8
TX03139,0.3,0,75.3,15.3,0.2,7.3,0.3,0.4,0.7,8
IL00118,1.6,1.1,0,0.4,8.3,83.2,0,1.7,3.5,8
TX00010,1.3,0.1,28.3,39.9,4.5,13.1,0.6,1.6,10.5,8
AL00665,0.9,2.6,0,0,4.5,9.4,3.6,2.8,76.1,8
IL00178,1.2,2.1,0,0.5,47.9,39.5,0,1.5,7.2,8
IL00117,9.8,6.1,0,1.5,45.2,21.7,0.1,1.4,14.1,8
IL00749,1.4,0.6,0,0,8,84.6,0,1.7,3.6,8
KS00012,0.9,0.7,0.2,17.6,10.7,66.6,0,0.8,2.4,8
NM00130,0.2,0,6.8,75,0,0.3,0.1,0.2,17.3,8
NY00342,1.9,0.1,0,0,6,2.2,0,0.4,89.3,8
OK10301,0.4,1.5,0,0.8,30.2,0.3,0.7,0.4,65.6,8
TX01255,3.5,0,0.1,9.7,50.5,23.8,0.2,1,11.1,8
TX03639,0.7,0,32.5,50.7,3.8,5.8,0.1,0.8,5.5,8
TX08005,5.4,0,12.4,21.2,11.3,37.4,0.4,0.7,11.1,8
AL01980,1.3,8.9,0,0,14.1,14.4,2.8,1.3,57.1,8
CA00294,0.4,0,12.5,30.8,0,0.6,0,0.5,55.1,8
GA00835,1,8.4,0,0,11.4,16.8,4,2.7,55.6,8
IL00230,1,3.2,0,1.7,41.3,32.8,0,0,19.9,8
KY03028,0.4,0,0,0,0.5,0.4,1.3,0.4,96.9,8
KY82201,0,0,0,0,1.9,0.3,0.1,0.2,97.4,8
LA00094,0.2,6.6,0,0,2.5,1.3,0.8,0,88.5,8
MS01493,4.8,4.7,0,0,20,11.6,0.5,1,57.3,8
NC00686,1.8,0.6,0,0,11.1,14.3,1.3,22.1,48.7,8
NC00913,1,6.9,0,0,10.8,14.6,0.3,3,63.3,8
OH00013,4.8,0.3,0,0,31.6,1.8,0.2,0.2,61,8
OK00566,1.6,0,0.7,19.2,12.3,0.2,0.8,7.1,58,8
OK10309,0.7,0.4,4.9,53.9,5.1,26.5,0.4,0.9,7.1,8
OK10317,2.2,0,1.1,39.7,17.9,10,0.1,4.9,24,8
PA00790,1.3,0.9,0,0,25,7,0.7,31,34,8
TX00015,5.3,6.7,0,0,22.4,1.4,2.7,1.8,59.6,8
TX01225,1.2,0,7.9,34.8,24.5,6.8,0.1,3.9,20.7,8
TX03549,1.7,8.4,0,0,37.2,2.1,1.6,1,47.9,8
AL01414,0.9,7.3,0,0,6.3,9.7,3.8,0.3,71.7,8
AL01434,1.7,0.9,0,0,10,4.8,1.7,2.3,78.6,8
AR01514,1.7,11.5,0,0,8.3,1.6,1.4,1,74.5,8
AR00288,1.3,0.7,0.2,0.1,19.1,1.2,0,0.2,77.2,8
CA00165,3.4,0.3,9.7,28.5,0,0,0.2,13.3,44.6,8
ID00135,0.1,0.2,82.3,9.9,5.7,0,0,0,1.8,8
IL01233,1,1.5,0,0.8,26.9,42.6,0,1.8,25.4,8
IN00451,1.5,2.7,0,0.4,8.9,77.8,0,1.2,7.5,8
KS00003,1.5,1.4,5.5,65.8,17.8,5.4,0,0.6,2,8
KY03029,0.7,0,0,0,0.6,0,1.1,0.3,97.3,8
KY03061,0.8,0,0,0,0.7,0,0.1,0.9,97.5,8
KY03027,0.2,0,0,0,0.3,0,1,0.1,98.4,8
KY03056,0.8,0,0,0,0.3,0,4.2,0.4,94.3,8
LA00020,1.1,1.3,0,0,3,1.1,2.3,0.1,91.1,8
LA00021,5.3,4.5,0,0,2.4,2.3,3.9,0,81.6,8
LA00001,4.6,6,0,0,4.8,1.3,2.5,1.9,78.9,8
LA00022,7,3.4,0,0,3.6,1.1,1.9,2.5,80.5,8
MO12084,4.5,3.1,0.1,8.9,37.2,33.1,0.2,3.8,9.1,8
MO20725,3.3,0.7,0.1,1.5,48.6,1.5,0.4,1.2,42.7,8
MO82201,1.8,4.1,0,3.8,35,35.6,0,1.3,18.4,8
MO82202,3.4,0.6,0.1,8.1,32.2,17.4,0,23.2,15,8
MS01494,4.1,2.1,0,0,23.9,13.7,1.6,0.4,54.2,8
MS01495,10.5,1.7,0,0,15.1,12.9,1,0.6,58.2,8
MS03059,0.4,7.2,0,0,6.7,5.3,4.3,0.4,75.7,8
MT00002,0.3,1.7,12.8,52.4,6.8,0.8,0.9,0.5,23.8,8
NC00178,2,0.9,0,0,19.5,13.9,0.3,9.6,53.8,8
NC00704,3.1,1.2,0,0,12.3,11.3,0.2,27.6,44.3,8
NC04873,1.8,0.7,0,0,18.9,10.4,0.4,6.9,60.9,8
NE02287,1.9,6.2,0,88.2,0.9,2,0.5,0,0.3,8
NY00117,4.3,1.4,0,0,19.1,5.2,0,3,67,8
NY00238,12.6,3.9,0,0,0.6,0.5,0,1.1,81.3,8
OK10300,2.7,0.8,0.1,4,16.6,0.2,0.8,0.6,74.2,8
OK21279,3,0.6,29.1,31.5,18,17.2,0.1,0,0.5,8
OK30072,0.7,1.6,0.1,0.8,64.3,26.1,0,0.2,6.2,8
OR00581,0.6,0.7,1,8.2,3.9,0.1,0.3,0.6,84.6,8
SD01094,0.7,3.3,0,0.6,26.6,67,0,1.5,0.3,8
TN12102,1.5,0.2,0,0,13.4,2.5,0.3,4.3,77.8,8
TX02883,4.7,0.5,20.4,47.5,12.4,11.6,0.2,0.2,2.5,8
TX08004,2.5,0.1,0.1,2.4,46.9,30.2,0.7,1.8,15.3,8
VA04112,1.9,0.7,0,0,7.5,3,2,4.6,80.3,8
VA11701,1.2,1.4,0,0,15.6,5.3,1.2,3.2,72.1,8
VA13501,0.7,4.3,0,0,17.3,2.3,2.6,2,70.8,8
WV09901,1.2,0,0,0,4,0.2,1.5,0.1,93,8
NC00516,1.1,0.5,0,0,10.3,11.3,1.1,1.3,74.4,8
OK10308,0.9,0.2,10.1,54.2,4.4,17.6,0.3,0.9,11.4,8
OK10312,1.3,1.7,5.8,59,15.4,3.8,0.4,0.2,12.4,8
IL00711,0.6,0.7,0,0.2,23.9,57.8,0,1.3,15.6,8
CA10170,2.1,0,17.9,32.6,0,0,0,0,47.5,8
CA00043,0,0,26.8,38.3,0,0,0.1,0,34.9,8
KY00101,2.4,0.1,0,0,21.7,5.1,0.4,4.8,65.6,8
MO10545,1.5,4.6,0,0.8,32.2,17.5,0,18.7,24.8,8
NM00158,0.1,0,8.3,58.7,0.1,0.2,0.1,0.2,32.4,8
OK00452,1.4,0,6.9,75.1,3,7.9,0,0.3,5.5,8
PA00003,0.2,0.1,0,0,14.7,2.1,3.1,1.6,78.3,8
TX00009,4.6,0.1,0.2,5.1,51.2,26.4,0.2,0.8,11.5,8
TX00237,5.9,3,0,1.1,63.2,6.3,0.3,3.5,16.8,8
TX03594,2.4,0.1,10.8,52.4,16.4,11.6,0.3,2.2,3.9,8
VA14301,3.4,0.1,0,0,17.9,1.9,0.5,6.5,69.8,8
CA00287,0.2,0,17.1,25.1,0,0,0,0.1,57.6,8
KS00010,0.7,0.8,0.9,42.1,18.8,31,0,0.9,4.9,8
MT00001,1.3,0.1,6.9,55.6,4.3,0.2,1.4,0.1,30.2,8
OK10494,1.5,0.1,1.4,11,6.5,76.4,0.1,2.9,0.2,8
OK10642,4.2,0,0.3,47.2,18.9,15.4,0,0.2,13.9,8
OK21489,2.6,2.1,5.7,38,26.5,7.5,0.2,0.7,16.8,8
SD01099,0.2,1,24.2,64.5,0.9,1.2,0.3,0.1,7.7,8
TX00996,1.2,0.3,25.9,48.6,10.8,9.5,0.2,0.9,2.7,8
TX04138,0.4,0.1,10.5,48.3,0.7,38.4,1.5,0.2,0,8
KS02514,2.5,3.2,1,5.4,52.3,27.3,0.1,3.3,5.1,8
TX00001,2.3,0.3,0.2,9.3,51.5,20.2,0.2,6.1,10.1,8
TX00005,1.1,0.1,3.8,30.8,38.3,10,0,0.8,15.3,8
AR00163,1.1,0.5,5.9,47.2,10.8,20.5,0.4,1.3,12.5,8
AR00591,2.1,7.7,0,0,10.9,1.4,1.5,1.1,75.5,8
OK20506,4.1,0.3,1.8,49.7,13.4,24.1,0.2,0.6,6,8
TX00016,1.7,0.1,28.3,34.2,6.2,7.4,0.8,1.3,20.2,8
TX02568,7.9,0.2,4.3,5.2,41.1,0.9,0.2,19,21.4,8
